1.091984e-01 2.561925e-02 3.635308e-02  
1.027340e-01 3.331655e-02 6.608349e-02  
7.160512e-02 6.716465e-02 3.962116e-02  
8.337550e-02 4.407336e-02 8.795352e-02  
5.619367e-02 3.014390e-02 1.225980e-01  
4.836235e-02 7.227407e-02 7.357546e-02  
1.053932e-02 8.332131e-02 4.488525e-02  
1.773768e-02 6.049016e-02 1.163769e-01  
-2.093112e-02 3.263944e-02 1.394871e-01  
-2.288497e-02 7.799871e-02 8.543628e-02  
-5.303384e-02 7.044198e-02 5.233437e-02  
-5.761564e-02 4.797074e-02 1.080655e-01  
-5.917515e-02 9.790006e-08 1.253577e-01  
-7.865292e-02 3.442671e-02 8.387841e-02  
-8.946213e-02 2.600379e-02 5.396022e-02  
-9.317393e-02 -3.759592e-06 5.364248e-02  
-8.903760e-02 -2.590842e-02 5.389776e-02  
-7.804409e-02 -3.416112e-02 8.328535e-02  
-5.708578e-02 -4.757805e-02 1.073496e-01  
-5.278540e-02 -7.021488e-02 5.234119e-02  
-2.300858e-02 -7.856743e-02 8.616141e-02  
-2.094132e-02 -3.269622e-02 1.397719e-01  
1.787822e-02 -6.108574e-02 1.174428e-01  
1.071656e-02 -8.504991e-02 4.572074e-02  
4.910375e-02 -7.340778e-02 7.469917e-02  
5.646214e-02 -3.032457e-02 1.231761e-01  
8.397597e-02 -4.442010e-02 8.852578e-02  
7.182688e-02 -6.740082e-02 3.969826e-02  
1.030922e-01 -3.343976e-02 6.628966e-02  
1.098139e-01 -2.577827e-02 3.645154e-02  
9.016095e-02 2.033870e-06 1.060274e-01  
2.044411e-02 8.479966e-07 1.444277e-01  
